|run_id                |league_id|season|fixture_id|kickoff                      |status|raw_home_team_id|raw_away_team_id|
|----------------------|---------|------|----------|-----------------------------|------|----------------|----------------|
|20,260,416,223,527,869|184      |2,024 |1,221,467 |2024-08-03 16:00:00.000 +0200|FT    |7,431           |6,777           |
|20,260,416,223,527,869|184      |2,024 |1,221,468 |2024-08-03 16:00:00.000 +0200|FT    |6,766           |4,669           |
|20,260,416,223,527,869|184      |2,024 |1,221,469 |2024-08-03 16:00:00.000 +0200|FT    |6,767           |6,764           |
|20,260,416,223,527,869|184      |2,024 |1,221,470 |2024-08-03 16:00:00.000 +0200|FT    |4,250           |6,762           |
|20,260,416,223,527,869|184      |2,024 |1,221,471 |2024-08-03 16:00:00.000 +0200|FT    |6,785           |6,781           |
|20,260,416,223,527,869|184      |2,024 |1,221,472 |2024-08-10 16:00:00.000 +0200|FT    |6,762           |6,785           |
|20,260,416,223,527,869|184      |2,024 |1,221,473 |2024-08-10 16:00:00.000 +0200|FT    |6,764           |6,766           |
|20,260,416,223,527,869|184      |2,024 |1,221,474 |2024-08-10 16:00:00.000 +0200|FT    |6,777           |4,250           |
|20,260,416,223,527,869|184      |2,024 |1,221,475 |2024-08-10 16:00:00.000 +0200|FT    |4,669           |6,767           |
|20,260,416,223,527,869|184      |2,024 |1,221,476 |2024-08-10 16:00:00.000 +0200|FT    |6,781           |7,431           |
|20,260,416,223,527,869|184      |2,024 |1,221,477 |2024-08-17 16:00:00.000 +0200|FT    |6,762           |4,669           |
|20,260,416,223,527,869|184      |2,024 |1,221,478 |2024-08-17 16:00:00.000 +0200|FT    |6,764           |4,250           |
|20,260,416,223,527,869|184      |2,024 |1,221,479 |2024-08-17 16:00:00.000 +0200|FT    |6,766           |7,431           |
|20,260,416,223,527,869|184      |2,024 |1,221,481 |2024-08-17 16:00:00.000 +0200|FT    |6,777           |6,785           |
|20,260,416,223,527,869|184      |2,024 |1,221,482 |2024-08-24 16:00:00.000 +0200|FT    |7,431           |6,762           |
|20,260,416,223,527,869|184      |2,024 |1,221,483 |2024-08-24 16:00:00.000 +0200|FT    |4,250           |6,766           |
|20,260,416,223,527,869|184      |2,024 |1,221,484 |2024-08-24 16:00:00.000 +0200|FT    |4,669           |6,764           |
|20,260,416,223,527,869|184      |2,024 |1,221,485 |2024-08-24 16:00:00.000 +0200|FT    |6,785           |6,767           |
|20,260,416,223,527,869|184      |2,024 |1,221,486 |2024-08-24 16:00:00.000 +0200|FT    |6,781           |6,777           |
|20,260,416,223,527,869|184      |2,024 |1,221,487 |2024-08-31 16:00:00.000 +0200|FT    |7,431           |6,785           |
|20,260,416,223,527,869|184      |2,024 |1,221,488 |2024-08-31 16:00:00.000 +0200|FT    |6,764           |6,762           |
|20,260,416,223,527,869|184      |2,024 |1,221,489 |2024-08-31 16:00:00.000 +0200|FT    |6,766           |6,777           |
|20,260,416,223,527,869|184      |2,024 |1,221,490 |2024-08-31 16:00:00.000 +0200|FT    |4,250           |6,767           |
|20,260,416,223,527,869|184      |2,024 |1,221,491 |2024-08-31 16:00:00.000 +0200|FT    |4,669           |6,781           |
|20,260,416,223,527,869|184      |2,024 |1,221,492 |2024-09-14 16:00:00.000 +0200|FT    |6,762           |6,766           |
|20,260,416,223,527,869|184      |2,024 |1,221,493 |2024-09-14 16:00:00.000 +0200|FT    |6,767           |7,431           |
|20,260,416,223,527,869|184      |2,024 |1,221,494 |2024-09-14 16:00:00.000 +0200|FT    |6,777           |4,669           |
|20,260,416,223,527,869|184      |2,024 |1,221,495 |2024-09-14 16:00:00.000 +0200|FT    |6,785           |6,764           |
|20,260,416,223,527,869|184      |2,024 |1,221,496 |2024-09-14 16:00:00.000 +0200|FT    |6,781           |4,250           |
|20,260,416,223,527,869|184      |2,024 |1,221,480 |2024-09-17 20:45:00.000 +0200|FT    |6,767           |6,781           |
|20,260,416,223,527,869|184      |2,024 |1,221,497 |2024-09-21 16:00:00.000 +0200|FT    |6,762           |6,767           |
|20,260,416,223,527,869|184      |2,024 |1,221,498 |2024-09-21 16:00:00.000 +0200|FT    |6,764           |6,777           |
|20,260,416,223,527,869|184      |2,024 |1,221,500 |2024-09-21 16:00:00.000 +0200|FT    |4,250           |6,785           |
|20,260,416,223,527,869|184      |2,024 |1,221,501 |2024-09-21 16:00:00.000 +0200|FT    |4,669           |7,431           |
|20,260,416,223,527,869|184      |2,024 |1,221,502 |2024-09-28 16:00:00.000 +0200|FT    |7,431           |4,250           |
|20,260,416,223,527,869|184      |2,024 |1,221,503 |2024-09-28 16:00:00.000 +0200|FT    |6,767           |6,766           |
|20,260,416,223,527,869|184      |2,024 |1,221,504 |2024-09-28 16:00:00.000 +0200|FT    |6,777           |6,762           |
|20,260,416,223,527,869|184      |2,024 |1,221,505 |2024-09-28 16:00:00.000 +0200|FT    |6,785           |4,669           |
|20,260,416,223,527,869|184      |2,024 |1,221,506 |2024-09-28 16:00:00.000 +0200|FT    |6,781           |6,764           |
|20,260,416,223,527,869|184      |2,024 |1,221,507 |2024-10-05 16:00:00.000 +0200|FT    |6,762           |6,781           |
|20,260,416,223,527,869|184      |2,024 |1,221,508 |2024-10-05 16:00:00.000 +0200|FT    |6,764           |7,431           |
|20,260,416,223,527,869|184      |2,024 |1,221,509 |2024-10-05 16:00:00.000 +0200|FT    |6,766           |6,785           |
|20,260,416,223,527,869|184      |2,024 |1,221,510 |2024-10-05 16:00:00.000 +0200|FT    |6,777           |6,767           |
|20,260,416,223,527,869|184      |2,024 |1,221,511 |2024-10-05 16:00:00.000 +0200|FT    |4,669           |4,250           |
|20,260,416,223,527,869|184      |2,024 |1,221,499 |2024-10-12 14:00:00.000 +0200|FT    |6,766           |6,781           |
|20,260,416,223,527,869|184      |2,024 |1,221,512 |2024-10-19 16:00:00.000 +0200|FT    |7,431           |6,766           |
|20,260,416,223,527,869|184      |2,024 |1,221,513 |2024-10-19 16:00:00.000 +0200|FT    |4,250           |6,764           |
|20,260,416,223,527,869|184      |2,024 |1,221,514 |2024-10-19 16:00:00.000 +0200|FT    |4,669           |6,762           |
|20,260,416,223,527,869|184      |2,024 |1,221,515 |2024-10-19 16:00:00.000 +0200|FT    |6,785           |6,777           |
|20,260,416,223,527,869|184      |2,024 |1,221,516 |2024-10-19 16:00:00.000 +0200|FT    |6,781           |6,767           |
|20,260,416,223,527,869|184      |2,024 |1,221,517 |2024-11-02 16:00:00.000 +0100|FT    |6,762           |7,431           |
|20,260,416,223,527,869|184      |2,024 |1,221,518 |2024-11-02 16:00:00.000 +0100|FT    |6,764           |4,669           |
|20,260,416,223,527,869|184      |2,024 |1,221,519 |2024-11-02 16:00:00.000 +0100|FT    |6,766           |4,250           |
|20,260,416,223,527,869|184      |2,024 |1,221,520 |2024-11-02 16:00:00.000 +0100|FT    |6,767           |6,785           |
|20,260,416,223,527,869|184      |2,024 |1,221,521 |2024-11-02 16:00:00.000 +0100|FT    |6,777           |6,781           |
|20,260,416,223,527,869|184      |2,024 |1,221,522 |2024-11-09 16:00:00.000 +0100|FT    |7,431           |6,767           |
|20,260,416,223,527,869|184      |2,024 |1,221,523 |2024-11-09 16:00:00.000 +0100|FT    |6,764           |6,785           |
|20,260,416,223,527,869|184      |2,024 |1,221,524 |2024-11-09 16:00:00.000 +0100|FT    |6,766           |6,762           |
|20,260,416,223,527,869|184      |2,024 |1,221,525 |2024-11-09 16:00:00.000 +0100|FT    |4,250           |6,781           |
|20,260,416,223,527,869|184      |2,024 |1,221,526 |2024-11-09 16:00:00.000 +0100|FT    |4,669           |6,777           |
|20,260,416,223,527,869|184      |2,024 |1,221,527 |2024-11-16 16:00:00.000 +0100|FT    |6,762           |6,764           |
|20,260,416,223,527,869|184      |2,024 |1,221,528 |2024-11-16 16:00:00.000 +0100|FT    |6,767           |4,250           |
|20,260,416,223,527,869|184      |2,024 |1,221,529 |2024-11-16 16:00:00.000 +0100|FT    |6,777           |6,766           |
|20,260,416,223,527,869|184      |2,024 |1,221,530 |2024-11-16 16:00:00.000 +0100|FT    |6,785           |7,431           |
|20,260,416,223,527,869|184      |2,024 |1,221,531 |2024-11-16 16:00:00.000 +0100|FT    |6,781           |4,669           |
|20,260,416,223,527,869|184      |2,024 |1,221,552 |2024-11-30 16:00:00.000 +0100|FT    |7,431           |6,764           |
|20,260,416,223,527,869|184      |2,024 |1,221,532 |2024-12-03 20:45:00.000 +0100|FT    |7,431           |4,669           |
|20,260,416,223,527,869|184      |2,024 |1,221,538 |2024-12-07 16:00:00.000 +0100|FT    |6,762           |6,777           |
|20,260,416,223,527,869|184      |2,024 |1,221,539 |2024-12-07 16:00:00.000 +0100|FT    |6,764           |6,767           |
|20,260,416,223,527,869|184      |2,024 |1,221,540 |2024-12-07 16:00:00.000 +0100|FT    |4,669           |6,766           |
|20,260,416,223,527,869|184      |2,024 |1,221,536 |2024-12-10 20:45:00.000 +0100|FT    |6,781           |6,785           |
|20,260,416,223,527,869|184      |2,024 |1,221,542 |2024-12-14 16:00:00.000 +0100|FT    |6,767           |4,669           |
|20,260,416,223,527,869|184      |2,024 |1,221,543 |2024-12-14 16:00:00.000 +0100|FT    |4,250           |7,431           |
|20,260,416,223,527,869|184      |2,024 |1,221,544 |2024-12-14 16:00:00.000 +0100|FT    |6,777           |6,764           |
|20,260,416,223,527,869|184      |2,024 |1,221,545 |2024-12-14 16:00:00.000 +0100|FT    |6,785           |6,766           |
|20,260,416,223,527,869|184      |2,024 |1,221,546 |2024-12-14 16:00:00.000 +0100|FT    |6,781           |6,762           |
|20,260,416,223,527,869|184      |2,024 |1,221,534 |2024-12-17 20:45:00.000 +0100|FT    |6,767           |6,762           |
|20,260,416,223,527,869|184      |2,024 |1,221,535 |2024-12-17 20:45:00.000 +0100|FT    |4,250           |6,777           |
|20,260,416,223,527,869|184      |2,024 |1,221,547 |2024-12-21 16:00:00.000 +0100|FT    |6,762           |4,250           |
|20,260,416,223,527,869|184      |2,024 |1,221,548 |2024-12-21 16:00:00.000 +0100|FT    |6,764           |6,781           |
|20,260,416,223,527,869|184      |2,024 |1,221,549 |2024-12-21 16:00:00.000 +0100|FT    |6,766           |6,767           |
|20,260,416,223,527,869|184      |2,024 |1,221,550 |2024-12-21 16:00:00.000 +0100|FT    |6,777           |7,431           |
|20,260,416,223,527,869|184      |2,024 |1,221,551 |2024-12-21 16:00:00.000 +0100|FT    |4,669           |6,785           |
|20,260,416,223,527,869|184      |2,024 |1,221,553 |2024-12-28 16:00:00.000 +0100|FT    |6,767           |6,777           |
|20,260,416,223,527,869|184      |2,024 |1,221,554 |2024-12-28 16:00:00.000 +0100|FT    |4,250           |4,669           |
|20,260,416,223,527,869|184      |2,024 |1,221,555 |2024-12-28 16:00:00.000 +0100|FT    |6,785           |6,762           |
|20,260,416,223,527,869|184      |2,024 |1,221,556 |2024-12-28 16:00:00.000 +0100|FT    |6,781           |6,766           |
|20,260,416,223,527,869|184      |2,024 |1,221,557 |2025-01-04 16:00:00.000 +0100|FT    |6,762           |4,669           |
|20,260,416,223,527,869|184      |2,024 |1,221,558 |2025-01-04 16:00:00.000 +0100|FT    |6,764           |4,250           |
|20,260,416,223,527,869|184      |2,024 |1,221,559 |2025-01-04 16:00:00.000 +0100|FT    |6,766           |7,431           |
|20,260,416,223,527,869|184      |2,024 |1,221,533 |2025-01-08 21:00:00.000 +0100|FT    |6,766           |6,764           |
|20,260,416,223,527,869|184      |2,024 |1,221,563 |2025-01-11 16:00:00.000 +0100|FT    |6,764           |6,762           |
|20,260,416,223,527,869|184      |2,024 |1,221,564 |2025-01-11 16:00:00.000 +0100|FT    |6,766           |6,777           |
|20,260,416,223,527,869|184      |2,024 |1,221,565 |2025-01-11 16:00:00.000 +0100|FT    |4,250           |6,767           |
|20,260,416,223,527,869|184      |2,024 |1,221,561 |2025-01-14 20:45:00.000 +0100|FT    |6,777           |6,785           |
|20,260,416,223,527,869|184      |2,024 |1,221,567 |2025-01-17 20:45:00.000 +0100|FT    |6,762           |6,766           |
|20,260,416,223,527,869|184      |2,024 |1,221,569 |2025-01-18 16:00:00.000 +0100|FT    |6,777           |4,669           |
|20,260,416,223,527,869|184      |2,024 |1,221,570 |2025-01-18 16:00:00.000 +0100|FT    |6,785           |6,764           |
|20,260,416,223,527,869|184      |2,024 |1,221,537 |2025-01-21 20:45:00.000 +0100|FT    |7,431           |6,781           |
|20,260,416,223,527,869|184      |2,024 |1,221,572 |2025-01-25 16:00:00.000 +0100|FT    |6,762           |6,767           |
|20,260,416,223,527,869|184      |2,024 |1,221,573 |2025-01-25 16:00:00.000 +0100|FT    |6,764           |6,766           |
|20,260,416,223,527,869|184      |2,024 |1,221,574 |2025-01-25 16:00:00.000 +0100|FT    |4,250           |6,785           |
|20,260,416,223,527,869|184      |2,024 |1,221,575 |2025-01-25 16:00:00.000 +0100|FT    |4,669           |7,431           |
|20,260,416,223,527,869|184      |2,024 |1,221,576 |2025-01-25 16:00:00.000 +0100|FT    |6,781           |6,777           |
|20,260,416,223,527,869|184      |2,024 |1,221,562 |2025-01-28 20:45:00.000 +0100|FT    |7,431           |6,785           |
|20,260,416,223,527,869|184      |2,024 |1,221,577 |2025-02-01 16:00:00.000 +0100|FT    |7,431           |6,762           |
|20,260,416,223,527,869|184      |2,024 |1,221,578 |2025-02-01 16:00:00.000 +0100|FT    |6,766           |4,669           |
|20,260,416,223,527,869|184      |2,024 |1,221,579 |2025-02-01 16:00:00.000 +0100|FT    |6,767           |6,764           |
|20,260,416,223,527,869|184      |2,024 |1,221,580 |2025-02-01 16:00:00.000 +0100|FT    |6,777           |4,250           |
|20,260,416,223,527,869|184      |2,024 |1,221,581 |2025-02-01 16:00:00.000 +0100|FT    |6,785           |6,781           |
|20,260,416,223,527,869|184      |2,024 |1,221,566 |2025-02-04 20:45:00.000 +0100|FT    |4,669           |6,781           |
|20,260,416,223,527,869|184      |2,024 |1,221,568 |2025-02-04 20:45:00.000 +0100|FT    |6,767           |7,431           |
|20,260,416,223,527,869|184      |2,024 |1,221,582 |2025-02-08 16:00:00.000 +0100|FT    |7,431           |6,777           |
|20,260,416,223,527,869|184      |2,024 |1,221,583 |2025-02-08 16:00:00.000 +0100|FT    |6,762           |6,785           |
|20,260,416,223,527,869|184      |2,024 |1,221,584 |2025-02-08 16:00:00.000 +0100|FT    |4,250           |6,766           |
|20,260,416,223,527,869|184      |2,024 |1,221,585 |2025-02-08 16:00:00.000 +0100|FT    |4,669           |6,767           |
|20,260,416,223,527,869|184      |2,024 |1,221,586 |2025-02-08 16:00:00.000 +0100|FT    |6,781           |6,764           |
|20,260,416,223,527,869|184      |2,024 |1,221,587 |2025-02-15 16:00:00.000 +0100|FT    |6,764           |7,431           |
|20,260,416,223,527,869|184      |2,024 |1,221,588 |2025-02-15 16:00:00.000 +0100|FT    |6,766           |6,781           |
|20,260,416,223,527,869|184      |2,024 |1,221,589 |2025-02-15 16:00:00.000 +0100|FT    |6,777           |6,762           |
|20,260,416,223,527,869|184      |2,024 |1,221,590 |2025-02-15 16:00:00.000 +0100|FT    |4,669           |4,250           |
|20,260,416,223,527,869|184      |2,024 |1,221,591 |2025-02-15 16:00:00.000 +0100|FT    |6,785           |6,767           |
|20,260,416,223,527,869|184      |2,024 |1,221,592 |2025-02-22 16:00:00.000 +0100|FT    |7,431           |4,250           |
|20,260,416,223,527,869|184      |2,024 |1,221,593 |2025-02-22 16:00:00.000 +0100|FT    |6,762           |6,781           |
|20,260,416,223,527,869|184      |2,024 |1,221,594 |2025-02-22 16:00:00.000 +0100|FT    |6,764           |6,777           |
|20,260,416,223,527,869|184      |2,024 |1,221,595 |2025-02-22 16:00:00.000 +0100|FT    |6,767           |6,766           |
|20,260,416,223,527,869|184      |2,024 |1,221,596 |2025-02-22 16:00:00.000 +0100|FT    |6,785           |4,669           |
|20,260,416,223,527,869|184      |2,024 |1,221,571 |2025-02-25 20:45:00.000 +0100|FT    |6,781           |4,250           |
|20,260,416,223,527,869|184      |2,024 |1,221,597 |2025-03-01 16:00:00.000 +0100|FT    |6,766           |6,785           |
|20,260,416,223,527,869|184      |2,024 |1,221,598 |2025-03-01 16:00:00.000 +0100|FT    |4,250           |6,762           |
|20,260,416,223,527,869|184      |2,024 |1,221,599 |2025-03-01 16:00:00.000 +0100|FT    |6,777           |6,767           |
|20,260,416,223,527,869|184      |2,024 |1,221,600 |2025-03-01 16:00:00.000 +0100|FT    |4,669           |6,764           |
|20,260,416,223,527,869|184      |2,024 |1,221,601 |2025-03-01 16:00:00.000 +0100|FT    |6,781           |7,431           |
|20,260,416,223,527,869|184      |2,024 |1,221,541 |2025-03-04 20:45:00.000 +0100|FT    |6,785           |4,250           |
|20,260,416,223,527,869|184      |2,024 |1,221,602 |2025-03-08 16:00:00.000 +0100|FT    |7,431           |6,766           |
|20,260,416,223,527,869|184      |2,024 |1,221,603 |2025-03-08 16:00:00.000 +0100|FT    |6,762           |6,764           |
|20,260,416,223,527,869|184      |2,024 |1,221,604 |2025-03-08 16:00:00.000 +0100|FT    |6,767           |4,250           |
|20,260,416,223,527,869|184      |2,024 |1,221,605 |2025-03-08 16:00:00.000 +0100|FT    |6,785           |6,777           |
|20,260,416,223,527,869|184      |2,024 |1,221,606 |2025-03-08 16:00:00.000 +0100|FT    |6,781           |4,669           |
|20,260,416,223,527,869|184      |2,024 |1,221,560 |2025-03-11 20:45:00.000 +0100|FT    |6,767           |6,781           |
|20,260,416,223,527,869|184      |2,024 |1,221,607 |2025-03-15 16:00:00.000 +0100|FT    |7,431           |4,669           |
|20,260,416,223,527,869|184      |2,024 |1,221,608 |2025-03-15 16:00:00.000 +0100|FT    |6,764           |6,785           |
|20,260,416,223,527,869|184      |2,024 |1,221,609 |2025-03-15 16:00:00.000 +0100|FT    |6,767           |6,762           |
|20,260,416,223,527,869|184      |2,024 |1,221,610 |2025-03-15 16:00:00.000 +0100|FT    |4,250           |6,781           |
|20,260,416,223,527,869|184      |2,024 |1,221,611 |2025-03-15 16:00:00.000 +0100|FT    |6,777           |6,766           |
|20,260,416,223,527,869|184      |2,024 |1,221,612 |2025-03-22 16:00:00.000 +0100|FT    |6,762           |7,431           |
|20,260,416,223,527,869|184      |2,024 |1,221,613 |2025-03-22 16:00:00.000 +0100|FT    |6,766           |6,764           |
|20,260,416,223,527,869|184      |2,024 |1,221,614 |2025-03-22 16:00:00.000 +0100|FT    |4,669           |6,777           |
|20,260,416,223,527,869|184      |2,024 |1,221,615 |2025-03-22 16:00:00.000 +0100|FT    |6,785           |4,250           |
|20,260,416,223,527,869|184      |2,024 |1,221,616 |2025-03-22 16:00:00.000 +0100|FT    |6,781           |6,767           |
|20,260,416,223,527,869|184      |2,024 |1,221,617 |2025-03-29 16:00:00.000 +0100|FT    |7,431           |6,767           |
|20,260,416,223,527,869|184      |2,024 |1,221,618 |2025-03-29 16:00:00.000 +0100|FT    |6,764           |6,781           |
|20,260,416,223,527,869|184      |2,024 |1,221,619 |2025-03-29 16:00:00.000 +0100|FT    |4,250           |6,777           |
|20,260,416,223,527,869|184      |2,024 |1,221,620 |2025-03-29 16:00:00.000 +0100|FT    |4,669           |6,766           |
|20,260,416,223,527,869|184      |2,024 |1,221,621 |2025-03-29 16:00:00.000 +0100|FT    |6,785           |6,762           |
|20,260,416,223,527,869|184      |2,024 |1,221,622 |2025-04-05 16:00:00.000 +0200|FT    |6,766           |6,762           |
|20,260,416,223,527,869|184      |2,024 |1,221,623 |2025-04-05 16:00:00.000 +0200|FT    |6,767           |4,669           |
|20,260,416,223,527,869|184      |2,024 |1,221,624 |2025-04-05 16:00:00.000 +0200|FT    |4,250           |6,764           |
|20,260,416,223,527,869|184      |2,024 |1,221,625 |2025-04-05 16:00:00.000 +0200|FT    |6,777           |7,431           |
|20,260,416,223,527,869|184      |2,024 |1,221,626 |2025-04-05 16:00:00.000 +0200|FT    |6,781           |6,785           |
|20,260,416,223,527,869|184      |2,024 |1,221,627 |2025-04-12 16:00:00.000 +0200|FT    |7,431           |6,764           |
|20,260,416,223,527,869|184      |2,024 |1,221,628 |2025-04-12 16:00:00.000 +0200|FT    |6,762           |4,250           |
|20,260,416,223,527,869|184      |2,024 |1,221,629 |2025-04-12 16:00:00.000 +0200|FT    |6,766           |6,767           |
|20,260,416,223,527,869|184      |2,024 |1,221,630 |2025-04-12 16:00:00.000 +0200|FT    |6,777           |6,781           |
|20,260,416,223,527,869|184      |2,024 |1,221,631 |2025-04-12 16:00:00.000 +0200|FT    |4,669           |6,785           |
|20,260,416,223,527,869|184      |2,024 |1,221,632 |2025-04-19 16:00:00.000 +0200|FT    |6,764           |4,669           |
|20,260,416,223,527,869|184      |2,024 |1,221,633 |2025-04-19 16:00:00.000 +0200|FT    |6,767           |6,777           |
|20,260,416,223,527,869|184      |2,024 |1,221,634 |2025-04-19 16:00:00.000 +0200|FT    |4,250           |7,431           |
|20,260,416,223,527,869|184      |2,024 |1,221,635 |2025-04-19 16:00:00.000 +0200|FT    |6,785           |6,766           |
|20,260,416,223,527,869|184      |2,024 |1,221,636 |2025-04-19 16:00:00.000 +0200|FT    |6,781           |6,762           |
|20,260,416,223,527,869|184      |2,024 |1,221,637 |2025-04-26 16:00:00.000 +0200|FT    |7,431           |6,781           |
|20,260,416,223,527,869|184      |2,024 |1,221,638 |2025-04-26 16:00:00.000 +0200|FT    |6,766           |4,250           |
|20,260,416,223,527,869|184      |2,024 |1,221,639 |2025-04-26 16:00:00.000 +0200|FT    |6,767           |6,785           |
|20,260,416,223,527,869|184      |2,024 |1,221,640 |2025-04-26 16:00:00.000 +0200|FT    |6,777           |6,764           |
|20,260,416,223,527,869|184      |2,024 |1,221,641 |2025-04-26 16:00:00.000 +0200|FT    |4,669           |6,762           |
|20,260,416,223,527,869|184      |2,024 |1,221,642 |2025-05-03 16:00:00.000 +0200|FT    |6,762           |6,777           |
|20,260,416,223,527,869|184      |2,024 |1,221,643 |2025-05-03 16:00:00.000 +0200|FT    |6,764           |6,767           |
|20,260,416,223,527,869|184      |2,024 |1,221,644 |2025-05-03 16:00:00.000 +0200|FT    |4,250           |4,669           |
|20,260,416,223,527,869|184      |2,024 |1,221,645 |2025-05-03 16:00:00.000 +0200|FT    |6,785           |7,431           |
|20,260,416,223,527,869|184      |2,024 |1,221,646 |2025-05-03 16:00:00.000 +0200|FT    |6,781           |6,766           |
|20,260,416,223,527,869|184      |2,024 |1,374,993 |2025-05-10 16:00:00.000 +0200|FT    |6,765           |7,431           |
|20,260,416,223,527,869|184      |2,024 |1,374,994 |2025-05-17 16:00:00.000 +0200|FT    |7,431           |6,765           |
|20,260,416,223,613,483|1,075    |2,024 |1,268,091 |2024-08-03 16:00:00.000 +0200|FT    |23,309          |16,381          |
|20,260,416,223,613,483|1,075    |2,024 |1,268,092 |2024-08-08 15:30:00.000 +0200|FT    |18,785          |18,787          |
|20,260,416,223,613,483|1,075    |2,024 |1,268,093 |2024-08-08 15:30:00.000 +0200|FT    |4,222           |4,211           |
|20,260,416,223,613,483|1,075    |2,024 |1,268,094 |2024-08-09 17:00:00.000 +0200|FT    |4,213           |4,212           |
|20,260,416,223,613,483|1,075    |2,024 |1,268,096 |2024-08-14 15:00:00.000 +0200|FT    |18,787          |23,309          |
|20,260,416,223,613,483|1,075    |2,024 |1,268,095 |2024-08-14 15:30:00.000 +0200|FT    |16,381          |4,222           |
|20,260,416,223,613,483|1,075    |2,024 |1,268,098 |2024-08-15 16:00:00.000 +0200|FT    |4,212           |4,211           |
|20,260,416,223,613,483|1,075    |2,024 |1,268,097 |2024-08-15 17:00:00.000 +0200|FT    |4,213           |18,785          |
|20,260,416,223,613,483|1,075    |2,024 |1,273,919 |2024-08-20 14:00:00.000 +0200|FT    |4,211           |16,381          |
|20,260,416,223,613,483|1,075    |2,024 |1,273,920 |2024-08-21 15:00:00.000 +0200|FT    |18,785          |4,212           |
|20,260,416,223,613,483|1,075    |2,024 |1,273,921 |2024-08-21 15:30:00.000 +0200|FT    |4,222           |18,787          |
|20,260,416,223,613,483|1,075    |2,024 |1,273,922 |2024-08-22 14:30:00.000 +0200|FT    |23,309          |4,213           |
|20,260,416,223,613,483|1,075    |2,024 |1,273,923 |2024-08-27 14:30:00.000 +0200|FT    |18,787          |4,211           |
|20,260,416,223,613,483|1,075    |2,024 |1,273,924 |2024-08-27 15:00:00.000 +0200|FT    |4,212           |16,381          |
|20,260,416,223,613,483|1,075    |2,024 |1,273,926 |2024-08-28 14:30:00.000 +0200|FT    |18,785          |23,309          |
|20,260,416,223,613,483|1,075    |2,024 |1,273,925 |2024-08-28 16:30:00.000 +0200|FT    |4,213           |4,222           |
|20,260,416,223,613,483|1,075    |2,024 |1,297,870 |2024-09-09 13:30:00.000 +0200|FT    |23,309          |4,212           |
|20,260,416,223,613,483|1,075    |2,024 |1,297,872 |2024-09-11 14:00:00.000 +0200|FT    |16,381          |18,787          |
|20,260,416,223,613,483|1,075    |2,024 |1,297,871 |2024-09-11 14:30:00.000 +0200|FT    |4,222           |18,785          |
|20,260,416,223,613,483|1,075    |2,024 |1,297,873 |2024-09-12 14:00:00.000 +0200|FT    |4,211           |4,213           |
|20,260,416,223,613,483|1,075    |2,024 |1,297,877 |2024-09-18 13:30:00.000 +0200|FT    |18,785          |4,211           |
|20,260,416,223,613,483|1,075    |2,024 |1,297,876 |2024-09-18 15:00:00.000 +0200|FT    |4,213           |16,381          |
|20,260,416,223,613,483|1,075    |2,024 |1,297,880 |2024-09-24 13:00:00.000 +0200|FT    |18,787          |4,213           |
|20,260,416,223,613,483|1,075    |2,024 |1,297,881 |2024-09-24 13:00:00.000 +0200|FT    |4,211           |23,309          |
|20,260,416,223,613,483|1,075    |2,024 |1,297,878 |2024-09-24 13:30:00.000 +0200|FT    |16,381          |18,785          |
|20,260,416,223,613,483|1,075    |2,024 |1,297,879 |2024-09-24 14:00:00.000 +0200|FT    |4,222           |4,212           |
|20,260,416,223,613,483|1,075    |2,024 |1,297,885 |2024-10-03 12:00:00.000 +0200|FT    |16,381          |23,309          |
|20,260,416,223,613,483|1,075    |2,024 |1,297,882 |2024-10-03 13:00:00.000 +0200|FT    |18,787          |18,785          |
|20,260,416,223,613,483|1,075    |2,024 |1,297,883 |2024-10-03 13:00:00.000 +0200|FT    |4,211           |4,222           |
|20,260,416,223,613,483|1,075    |2,024 |1,297,875 |2024-10-06 12:45:00.000 +0200|FT    |23,309          |4,222           |
|20,260,416,223,613,483|1,075    |2,024 |1,297,884 |2024-10-08 13:30:00.000 +0200|FT    |4,212           |4,213           |
|20,260,416,223,613,483|1,075    |2,024 |1,297,874 |2024-10-12 13:30:00.000 +0200|FT    |4,212           |18,787          |
|20,260,416,223,613,483|1,075    |2,024 |1,304,992 |2024-10-16 12:45:00.000 +0200|FT    |18,785          |4,213           |
|20,260,416,223,613,483|1,075    |2,024 |1,304,993 |2024-10-17 13:00:00.000 +0200|FT    |4,222           |16,381          |
|20,260,416,223,613,483|1,075    |2,024 |1,304,994 |2024-10-18 12:00:00.000 +0200|FT    |4,211           |4,212           |
|20,260,416,223,613,483|1,075    |2,024 |1,304,996 |2024-10-23 12:00:00.000 +0200|FT    |18,787          |4,222           |
|20,260,416,223,613,483|1,075    |2,024 |1,304,995 |2024-10-23 13:00:00.000 +0200|FT    |4,213           |23,309          |
|20,260,416,223,613,483|1,075    |2,024 |1,304,997 |2024-10-24 12:30:00.000 +0200|FT    |16,381          |4,211           |
|20,260,416,223,613,483|1,075    |2,024 |1,304,998 |2024-10-24 13:00:00.000 +0200|FT    |4,212           |18,785          |
|20,260,416,223,613,483|1,075    |2,024 |1,304,999 |2024-10-28 11:00:00.000 +0100|FT    |23,309          |18,785          |
|20,260,416,223,613,483|1,075    |2,024 |1,305,000 |2024-10-29 11:00:00.000 +0100|FT    |4,222           |4,213           |
|20,260,416,223,613,483|1,075    |2,024 |1,305,002 |2024-10-30 11:00:00.000 +0100|FT    |4,211           |18,787          |
|20,260,416,223,613,483|1,075    |2,024 |1,305,001 |2024-10-30 11:30:00.000 +0100|FT    |16,381          |4,212           |
|20,260,416,223,613,483|1,075    |2,024 |1,305,003 |2024-11-05 11:00:00.000 +0100|FT    |4,213           |4,211           |
|20,260,416,223,613,483|1,075    |2,024 |1,305,004 |2024-11-05 11:00:00.000 +0100|FT    |18,785          |4,222           |
|20,260,416,223,613,483|1,075    |2,024 |1,305,006 |2024-11-06 11:00:00.000 +0100|FT    |18,787          |16,381          |
|20,260,416,223,613,483|1,075    |2,024 |1,305,005 |2024-11-06 12:00:00.000 +0100|FT    |4,212           |23,309          |
|20,260,416,223,613,483|1,075    |2,024 |1,304,991 |2024-11-11 11:00:00.000 +0100|FT    |23,309          |18,787          |
|20,260,416,223,613,483|1,075    |2,024 |1,314,516 |2024-11-21 10:00:00.000 +0100|FT    |18,787          |4,212           |
|20,260,416,223,613,483|1,075    |2,024 |1,314,517 |2024-11-21 10:30:00.000 +0100|FT    |16,381          |4,213           |
|20,260,416,223,613,483|1,075    |2,024 |1,314,519 |2024-11-22 10:45:00.000 +0100|FT    |4,211           |18,785          |
|20,260,416,223,613,483|1,075    |2,024 |1,314,518 |2024-11-22 11:00:00.000 +0100|FT    |4,222           |23,309          |
|20,260,416,223,613,483|1,075    |2,024 |1,314,520 |2024-11-28 10:00:00.000 +0100|FT    |18,785          |16,381          |
|20,260,416,223,613,483|1,075    |2,024 |1,314,521 |2024-11-28 10:00:00.000 +0100|FT    |4,212           |4,222           |
|20,260,416,223,613,483|1,075    |2,024 |1,314,522 |2024-11-28 10:00:00.000 +0100|FT    |23,309          |4,211           |
|20,260,416,223,613,483|1,075    |2,024 |1,314,523 |2024-11-28 10:00:00.000 +0100|FT    |4,213           |18,787          |
|20,260,416,223,629,048|1,027    |2,024 |1,279,800 |2024-09-07 15:00:00.000 +0200|FT    |6,531           |7,424           |
|20,260,416,223,629,048|1,027    |2,024 |1,279,801 |2024-09-07 15:00:00.000 +0200|FT    |3,611           |21,995          |
|20,260,416,223,629,048|1,027    |2,024 |1,279,804 |2024-09-07 15:00:00.000 +0200|FT    |24,601          |6,509           |
|20,260,416,223,629,048|1,027    |2,024 |1,279,798 |2024-09-07 15:30:00.000 +0200|FT    |3,570           |11,087          |
|20,260,416,223,629,048|1,027    |2,024 |1,279,799 |2024-09-08 14:30:00.000 +0200|FT    |22,010          |24,600          |
|20,260,416,223,629,048|1,027    |2,024 |1,279,803 |2024-09-08 14:30:00.000 +0200|FT    |6,533           |22,445          |
|20,260,416,223,629,048|1,027    |2,024 |1,279,802 |2024-09-08 15:30:00.000 +0200|FT    |7,425           |24,602          |
|20,260,416,223,629,048|1,027    |2,024 |1,279,797 |2024-09-08 18:00:00.000 +0200|FT    |17,261          |6,519           |
|20,260,416,223,629,048|1,027    |2,024 |1,279,805 |2024-09-14 15:30:00.000 +0200|FT    |24,602          |3,570           |
|20,260,416,223,629,048|1,027    |2,024 |1,279,812 |2024-09-14 18:00:00.000 +0200|FT    |11,087          |6,533           |
|20,260,416,223,629,048|1,027    |2,024 |1,279,807 |2024-09-15 14:30:00.000 +0200|FT    |6,509           |6,531           |
|20,260,416,223,629,048|1,027    |2,024 |1,279,806 |2024-09-15 15:00:00.000 +0200|FT    |24,600          |7,425           |
|20,260,416,223,629,048|1,027    |2,024 |1,279,809 |2024-09-15 15:00:00.000 +0200|FT    |22,445          |17,261          |
|20,260,416,223,629,048|1,027    |2,024 |1,279,811 |2024-09-15 15:00:00.000 +0200|FT    |21,995          |22,010          |
|20,260,416,223,629,048|1,027    |2,024 |1,279,808 |2024-09-15 15:30:00.000 +0200|FT    |7,424           |3,611           |
|20,260,416,223,629,048|1,027    |2,024 |1,279,810 |2024-09-15 15:30:00.000 +0200|FT    |6,519           |24,601          |
|20,260,416,223,629,048|1,027    |2,024 |1,279,816 |2024-09-22 14:30:00.000 +0200|FT    |22,010          |7,424           |
|20,260,416,223,629,048|1,027    |2,024 |1,279,818 |2024-09-22 14:30:00.000 +0200|FT    |6,533           |24,602          |
|20,260,416,223,629,048|1,027    |2,024 |1,279,813 |2024-09-22 15:00:00.000 +0200|FT    |22,445          |6,519           |
|20,260,416,223,629,048|1,027    |2,024 |1,279,819 |2024-09-22 15:00:00.000 +0200|FT    |6,531           |24,601          |
|20,260,416,223,629,048|1,027    |2,024 |1,279,820 |2024-09-22 15:00:00.000 +0200|FT    |3,611           |6,509           |
|20,260,416,223,629,048|1,027    |2,024 |1,279,815 |2024-09-22 15:30:00.000 +0200|FT    |3,570           |24,600          |
|20,260,416,223,629,048|1,027    |2,024 |1,279,817 |2024-09-22 15:30:00.000 +0200|FT    |7,425           |21,995          |
|20,260,416,223,629,048|1,027    |2,024 |1,279,814 |2024-09-22 18:00:00.000 +0200|FT    |17,261          |11,087          |
|20,260,416,223,629,048|1,027    |2,024 |1,279,828 |2024-09-28 13:30:00.000 +0200|FT    |24,600          |6,533           |
|20,260,416,223,629,048|1,027    |2,024 |1,279,822 |2024-09-28 15:00:00.000 +0200|FT    |7,424           |7,425           |
|20,260,416,223,629,048|1,027    |2,024 |1,279,825 |2024-09-28 15:00:00.000 +0200|FT    |24,602          |17,261          |
|20,260,416,223,629,048|1,027    |2,024 |1,279,824 |2024-09-29 14:00:00.000 +0200|FT    |24,601          |3,611           |
|20,260,416,223,629,048|1,027    |2,024 |1,279,827 |2024-09-29 14:00:00.000 +0200|FT    |6,509           |22,010          |
|20,260,416,223,629,048|1,027    |2,024 |1,279,821 |2024-09-29 14:30:00.000 +0200|FT    |21,995          |3,570           |
|20,260,416,223,629,048|1,027    |2,024 |1,279,823 |2024-09-29 15:00:00.000 +0200|FT    |6,519           |6,531           |
|20,260,416,223,629,048|1,027    |2,024 |1,279,826 |2024-09-29 17:00:00.000 +0200|FT    |11,087          |22,445          |
|20,260,416,223,629,048|1,027    |2,024 |1,279,833 |2024-10-05 14:00:00.000 +0200|FT    |6,533           |21,995          |
|20,260,416,223,629,048|1,027    |2,024 |1,279,835 |2024-10-05 14:00:00.000 +0200|FT    |22,010          |24,601          |
|20,260,416,223,629,048|1,027    |2,024 |1,279,830 |2024-10-05 14:30:00.000 +0200|FT    |3,611           |6,531           |
|20,260,416,223,629,048|1,027    |2,024 |1,279,834 |2024-10-05 14:30:00.000 +0200|FT    |22,445          |24,602          |
|20,260,416,223,629,048|1,027    |2,024 |1,279,832 |2024-10-05 15:00:00.000 +0200|FT    |3,570           |7,424           |
|20,260,416,223,629,048|1,027    |2,024 |1,279,836 |2024-10-05 15:00:00.000 +0200|FT    |7,425           |6,509           |
|20,260,416,223,629,048|1,027    |2,024 |1,279,829 |2024-10-05 18:00:00.000 +0200|FT    |11,087          |6,519           |
|20,260,416,223,629,048|1,027    |2,024 |1,279,831 |2024-10-05 18:00:00.000 +0200|FT    |17,261          |24,600          |
|20,260,416,223,629,048|1,027    |2,024 |1,279,839 |2024-10-12 13:30:00.000 +0200|FT    |24,601          |7,425           |
|20,260,416,223,629,048|1,027    |2,024 |1,279,844 |2024-10-13 13:00:00.000 +0200|FT    |7,424           |6,533           |
|20,260,416,223,629,048|1,027    |2,024 |1,279,837 |2024-10-13 13:30:00.000 +0200|FT    |6,509           |3,570           |
|20,260,416,223,629,048|1,027    |2,024 |1,279,841 |2024-10-13 14:00:00.000 +0200|FT    |21,995          |17,261          |
|20,260,416,223,629,048|1,027    |2,024 |1,279,842 |2024-10-13 14:00:00.000 +0200|FT    |24,600          |22,445          |
|20,260,416,223,629,048|1,027    |2,024 |1,279,843 |2024-10-13 14:00:00.000 +0200|FT    |6,531           |22,010          |
|20,260,416,223,629,048|1,027    |2,024 |1,279,840 |2024-10-13 14:30:00.000 +0200|FT    |6,519           |3,611           |
|20,260,416,223,629,048|1,027    |2,024 |1,279,838 |2024-10-14 14:30:00.000 +0200|FT    |24,602          |11,087          |
|20,260,416,223,629,048|1,027    |2,024 |1,279,848 |2024-10-20 13:30:00.000 +0200|FT    |22,010          |3,611           |
|20,260,416,223,629,048|1,027    |2,024 |1,279,852 |2024-10-20 13:30:00.000 +0200|FT    |6,533           |6,509           |
|20,260,416,223,629,048|1,027    |2,024 |1,279,850 |2024-10-20 14:00:00.000 +0200|FT    |22,445          |21,995          |
|20,260,416,223,629,048|1,027    |2,024 |1,279,845 |2024-10-20 14:30:00.000 +0200|FT    |24,602          |6,519           |
|20,260,416,223,629,048|1,027    |2,024 |1,279,846 |2024-10-20 14:30:00.000 +0200|FT    |7,425           |6,531           |
|20,260,416,223,629,048|1,027    |2,024 |1,279,847 |2024-10-20 14:30:00.000 +0200|FT    |11,087          |24,600          |
|20,260,416,223,629,048|1,027    |2,024 |1,279,851 |2024-10-20 14:30:00.000 +0200|FT    |3,570           |24,601          |
|20,260,416,223,629,048|1,027    |2,024 |1,279,849 |2024-10-20 15:00:00.000 +0200|FT    |17,261          |7,424           |
|20,260,416,223,629,048|1,027    |2,024 |1,279,856 |2024-10-26 13:30:00.000 +0200|FT    |6,509           |17,261          |
|20,260,416,223,629,048|1,027    |2,024 |1,279,860 |2024-10-26 13:30:00.000 +0200|FT    |24,601          |6,533           |
|20,260,416,223,629,048|1,027    |2,024 |1,279,853 |2024-10-26 14:00:00.000 +0200|FT    |6,531           |3,570           |
|20,260,416,223,629,048|1,027    |2,024 |1,279,854 |2024-10-26 14:00:00.000 +0200|FT    |21,995          |11,087          |
|20,260,416,223,629,048|1,027    |2,024 |1,279,855 |2024-10-26 14:00:00.000 +0200|FT    |3,611           |7,425           |
|20,260,416,223,629,048|1,027    |2,024 |1,279,857 |2024-10-26 14:00:00.000 +0200|FT    |24,600          |24,602          |
|20,260,416,223,629,048|1,027    |2,024 |1,279,858 |2024-10-26 14:30:00.000 +0200|FT    |7,424           |22,445          |
|20,260,416,223,629,048|1,027    |2,024 |1,279,859 |2024-10-26 14:30:00.000 +0200|FT    |6,519           |22,010          |
|20,260,416,223,629,048|1,027    |2,024 |1,279,861 |2024-11-03 12:00:00.000 +0100|FT    |24,600          |6,519           |
|20,260,416,223,629,048|1,027    |2,024 |1,279,862 |2024-11-03 12:00:00.000 +0100|FT    |6,533           |6,531           |
|20,260,416,223,629,048|1,027    |2,024 |1,279,863 |2024-11-03 12:00:00.000 +0100|FT    |3,570           |3,611           |
|20,260,416,223,629,048|1,027    |2,024 |1,279,864 |2024-11-03 12:00:00.000 +0100|FT    |11,087          |7,424           |
|20,260,416,223,629,048|1,027    |2,024 |1,279,865 |2024-11-03 12:00:00.000 +0100|FT    |24,602          |21,995          |
|20,260,416,223,629,048|1,027    |2,024 |1,279,866 |2024-11-03 12:00:00.000 +0100|FT    |17,261          |24,601          |
|20,260,416,223,629,048|1,027    |2,024 |1,279,867 |2024-11-03 12:00:00.000 +0100|FT    |7,425           |22,010          |
|20,260,416,223,629,048|1,027    |2,024 |1,279,868 |2024-11-03 12:00:00.000 +0100|FT    |22,445          |6,509           |
|20,260,416,223,629,048|1,027    |2,024 |1,279,875 |2024-11-09 12:00:00.000 +0100|FT    |24,601          |22,445          |
|20,260,416,223,629,048|1,027    |2,024 |1,279,869 |2024-11-10 12:00:00.000 +0100|FT    |22,010          |3,570           |
|20,260,416,223,629,048|1,027    |2,024 |1,279,870 |2024-11-10 12:00:00.000 +0100|FT    |6,509           |11,087          |
|20,260,416,223,629,048|1,027    |2,024 |1,279,871 |2024-11-10 12:00:00.000 +0100|FT    |6,519           |7,425           |
|20,260,416,223,629,048|1,027    |2,024 |1,279,872 |2024-11-10 12:00:00.000 +0100|FT    |21,995          |24,600          |
|20,260,416,223,629,048|1,027    |2,024 |1,279,873 |2024-11-10 12:00:00.000 +0100|FT    |6,531           |17,261          |
|20,260,416,223,629,048|1,027    |2,024 |1,279,874 |2024-11-10 12:00:00.000 +0100|FT    |7,424           |24,602          |
|20,260,416,223,629,048|1,027    |2,024 |1,279,876 |2024-11-10 12:00:00.000 +0100|FT    |3,611           |6,533           |
|20,260,416,223,629,048|1,027    |2,024 |1,279,880 |2024-11-16 12:00:00.000 +0100|FT    |17,261          |3,611           |
|20,260,416,223,629,048|1,027    |2,024 |1,279,882 |2024-11-16 12:00:00.000 +0100|FT    |11,087          |24,601          |
|20,260,416,223,629,048|1,027    |2,024 |1,279,877 |2024-11-17 12:00:00.000 +0100|FT    |21,995          |6,519           |
|20,260,416,223,629,048|1,027    |2,024 |1,279,878 |2024-11-17 12:00:00.000 +0100|FT    |3,570           |7,425           |
|20,260,416,223,629,048|1,027    |2,024 |1,279,879 |2024-11-17 12:00:00.000 +0100|FT    |22,445          |6,531           |
|20,260,416,223,629,048|1,027    |2,024 |1,279,881 |2024-11-17 12:00:00.000 +0100|FT    |24,600          |7,424           |
|20,260,416,223,629,048|1,027    |2,024 |1,279,883 |2024-11-17 12:00:00.000 +0100|FT    |6,533           |22,010          |
|20,260,416,223,629,048|1,027    |2,024 |1,279,884 |2024-11-17 12:00:00.000 +0100|FT    |24,602          |6,509           |
|20,260,416,223,629,048|1,027    |2,024 |1,279,888 |2024-11-23 12:00:00.000 +0100|FT    |7,424           |21,995          |
|20,260,416,223,629,048|1,027    |2,024 |1,279,889 |2024-11-23 12:00:00.000 +0100|FT    |22,010          |17,261          |
|20,260,416,223,629,048|1,027    |2,024 |1,279,885 |2024-11-24 12:00:00.000 +0100|FT    |6,519           |3,570           |
|20,260,416,223,629,048|1,027    |2,024 |1,279,886 |2024-11-24 12:00:00.000 +0100|FT    |6,531           |11,087          |
|20,260,416,223,629,048|1,027    |2,024 |1,279,887 |2024-11-24 12:00:00.000 +0100|FT    |6,509           |24,600          |
|20,260,416,223,629,048|1,027    |2,024 |1,279,890 |2024-11-24 12:00:00.000 +0100|FT    |24,601          |24,602          |
|20,260,416,223,629,048|1,027    |2,024 |1,279,891 |2024-11-24 12:00:00.000 +0100|FT    |3,611           |22,445          |
|20,260,416,223,629,048|1,027    |2,024 |1,279,892 |2024-11-24 12:00:00.000 +0100|FT    |7,425           |6,533           |
|20,260,416,223,629,048|1,027    |2,024 |1,279,896 |2024-11-30 12:00:00.000 +0100|FT    |24,602          |6,531           |
|20,260,416,223,629,048|1,027    |2,024 |1,279,898 |2024-11-30 12:00:00.000 +0100|FT    |24,600          |24,601          |
|20,260,416,223,629,048|1,027    |2,024 |1,279,899 |2024-11-30 12:00:00.000 +0100|FT    |22,445          |22,010          |
|20,260,416,223,629,048|1,027    |2,024 |1,279,893 |2024-12-01 12:00:00.000 +0100|FT    |7,424           |6,519           |
|20,260,416,223,629,048|1,027    |2,024 |1,279,894 |2024-12-01 12:00:00.000 +0100|FT    |6,533           |3,570           |
|20,260,416,223,629,048|1,027    |2,024 |1,279,895 |2024-12-01 12:00:00.000 +0100|FT    |17,261          |7,425           |
|20,260,416,223,629,048|1,027    |2,024 |1,279,897 |2024-12-01 12:00:00.000 +0100|FT    |11,087          |3,611           |
|20,260,416,223,629,048|1,027    |2,024 |1,279,900 |2024-12-01 12:00:00.000 +0100|FT    |21,995          |6,509           |
|20,260,416,223,629,048|1,027    |2,024 |1,279,902 |2024-12-07 12:00:00.000 +0100|FT    |22,010          |11,087          |
|20,260,416,223,629,048|1,027    |2,024 |1,279,904 |2024-12-08 11:00:00.000 +0100|FT    |6,509           |7,424           |
|20,260,416,223,629,048|1,027    |2,024 |1,279,901 |2024-12-08 12:00:00.000 +0100|FT    |6,533           |6,519           |
|20,260,416,223,629,048|1,027    |2,024 |1,279,903 |2024-12-08 12:00:00.000 +0100|FT    |6,531           |24,600          |
|20,260,416,223,629,048|1,027    |2,024 |1,279,905 |2024-12-08 12:00:00.000 +0100|FT    |24,601          |21,995          |
|20,260,416,223,629,048|1,027    |2,024 |1,279,906 |2024-12-08 12:00:00.000 +0100|FT    |3,570           |17,261          |
|20,260,416,223,629,048|1,027    |2,024 |1,279,907 |2024-12-08 12:00:00.000 +0100|FT    |3,611           |24,602          |
|20,260,416,223,629,048|1,027    |2,024 |1,279,908 |2024-12-08 12:00:00.000 +0100|FT    |7,425           |22,445          |
|20,260,416,223,629,048|1,027    |2,024 |1,279,910 |2024-12-14 12:00:00.000 +0100|FT    |11,087          |7,425           |
|20,260,416,223,629,048|1,027    |2,024 |1,279,913 |2024-12-14 12:00:00.000 +0100|FT    |7,424           |24,601          |
|20,260,416,223,629,048|1,027    |2,024 |1,279,915 |2024-12-14 12:00:00.000 +0100|FT    |17,261          |6,533           |
|20,260,416,223,629,048|1,027    |2,024 |1,279,909 |2024-12-15 12:00:00.000 +0100|FT    |22,445          |3,570           |
|20,260,416,223,629,048|1,027    |2,024 |1,279,911 |2024-12-15 12:00:00.000 +0100|FT    |21,995          |6,531           |
|20,260,416,223,629,048|1,027    |2,024 |1,279,912 |2024-12-15 12:00:00.000 +0100|FT    |24,600          |3,611           |
|20,260,416,223,629,048|1,027    |2,024 |1,279,914 |2024-12-15 12:00:00.000 +0100|FT    |24,602          |22,010          |
|20,260,416,223,629,048|1,027    |2,024 |1,279,916 |2024-12-15 12:00:00.000 +0100|FT    |6,519           |6,509           |
|20,260,416,223,629,048|1,027    |2,024 |1,279,917 |2025-01-18 12:00:00.000 +0100|FT    |11,087          |3,570           |
|20,260,416,223,629,048|1,027    |2,024 |1,279,918 |2025-01-18 12:00:00.000 +0100|FT    |24,602          |7,425           |
|20,260,416,223,629,048|1,027    |2,024 |1,279,919 |2025-01-19 12:00:00.000 +0100|FT    |7,424           |6,531           |
|20,260,416,223,629,048|1,027    |2,024 |1,279,920 |2025-01-19 12:00:00.000 +0100|FT    |21,995          |3,611           |
|20,260,416,223,629,048|1,027    |2,024 |1,279,921 |2025-01-19 12:00:00.000 +0100|FT    |6,519           |17,261          |
|20,260,416,223,629,048|1,027    |2,024 |1,279,922 |2025-01-19 12:00:00.000 +0100|FT    |6,509           |24,601          |
|20,260,416,223,629,048|1,027    |2,024 |1,279,923 |2025-01-19 12:00:00.000 +0100|FT    |24,600          |22,010          |
|20,260,416,223,629,048|1,027    |2,024 |1,279,924 |2025-01-19 12:00:00.000 +0100|FT    |22,445          |6,533           |
|20,260,416,223,629,048|1,027    |2,024 |1,279,929 |2025-01-25 12:00:00.000 +0100|FT    |22,010          |21,995          |
|20,260,416,223,629,048|1,027    |2,024 |1,279,925 |2025-01-26 11:00:00.000 +0100|FT    |24,601          |6,519           |
|20,260,416,223,629,048|1,027    |2,024 |1,279,926 |2025-01-26 12:00:00.000 +0100|FT    |6,533           |11,087          |
|20,260,416,223,629,048|1,027    |2,024 |1,279,927 |2025-01-26 12:00:00.000 +0100|FT    |7,425           |24,600          |
|20,260,416,223,629,048|1,027    |2,024 |1,279,928 |2025-01-26 12:00:00.000 +0100|FT    |3,611           |7,424           |
|20,260,416,223,629,048|1,027    |2,024 |1,279,930 |2025-01-26 12:00:00.000 +0100|FT    |3,570           |24,602          |
|20,260,416,223,629,048|1,027    |2,024 |1,279,931 |2025-01-26 12:00:00.000 +0100|FT    |17,261          |22,445          |
|20,260,416,223,629,048|1,027    |2,024 |1,279,932 |2025-01-26 12:00:00.000 +0100|FT    |6,531           |6,509           |
|20,260,416,223,629,048|1,027    |2,024 |1,279,939 |2025-02-01 12:00:00.000 +0100|FT    |7,424           |22,010          |
|20,260,416,223,629,048|1,027    |2,024 |1,279,940 |2025-02-02 11:00:00.000 +0100|FT    |24,602          |6,533           |
|20,260,416,223,629,048|1,027    |2,024 |1,279,933 |2025-02-02 12:00:00.000 +0100|FT    |24,600          |3,570           |
|20,260,416,223,629,048|1,027    |2,024 |1,279,934 |2025-02-02 12:00:00.000 +0100|FT    |21,995          |7,425           |
|20,260,416,223,629,048|1,027    |2,024 |1,279,935 |2025-02-02 12:00:00.000 +0100|FT    |24,601          |6,531           |
|20,260,416,223,629,048|1,027    |2,024 |1,279,936 |2025-02-02 12:00:00.000 +0100|FT    |6,509           |3,611           |
|20,260,416,223,629,048|1,027    |2,024 |1,279,937 |2025-02-02 12:00:00.000 +0100|FT    |11,087          |17,261          |
|20,260,416,223,629,048|1,027    |2,024 |1,279,938 |2025-02-02 12:00:00.000 +0100|FT    |6,519           |22,445          |
|20,260,416,223,629,048|1,027    |2,024 |1,279,941 |2025-02-09 12:00:00.000 +0100|FT    |6,531           |6,519           |
|20,260,416,223,629,048|1,027    |2,024 |1,279,942 |2025-02-09 12:00:00.000 +0100|FT    |22,445          |11,087          |
|20,260,416,223,629,048|1,027    |2,024 |1,279,943 |2025-02-09 12:00:00.000 +0100|FT    |6,533           |24,600          |
|20,260,416,223,629,048|1,027    |2,024 |1,279,944 |2025-02-09 12:00:00.000 +0100|FT    |7,425           |7,424           |
|20,260,416,223,629,048|1,027    |2,024 |1,279,945 |2025-02-09 12:00:00.000 +0100|FT    |3,570           |21,995          |
|20,260,416,223,629,048|1,027    |2,024 |1,279,946 |2025-02-09 12:00:00.000 +0100|FT    |17,261          |24,602          |
|20,260,416,223,629,048|1,027    |2,024 |1,279,947 |2025-02-09 12:00:00.000 +0100|FT    |3,611           |24,601          |
|20,260,416,223,629,048|1,027    |2,024 |1,279,948 |2025-02-09 12:00:00.000 +0100|FT    |22,010          |6,509           |
|20,260,416,223,629,048|1,027    |2,024 |1,279,953 |2025-02-15 12:00:00.000 +0100|FT    |24,600          |17,261          |
|20,260,416,223,629,048|1,027    |2,024 |1,279,954 |2025-02-15 12:00:00.000 +0100|FT    |24,602          |22,445          |
|20,260,416,223,629,048|1,027    |2,024 |1,279,949 |2025-02-16 12:00:00.000 +0100|FT    |7,424           |3,570           |
|20,260,416,223,629,048|1,027    |2,024 |1,279,950 |2025-02-16 12:00:00.000 +0100|FT    |6,519           |11,087          |
|20,260,416,223,629,048|1,027    |2,024 |1,279,951 |2025-02-16 12:00:00.000 +0100|FT    |6,509           |7,425           |
|20,260,416,223,629,048|1,027    |2,024 |1,279,952 |2025-02-16 12:00:00.000 +0100|FT    |6,531           |3,611           |
|20,260,416,223,629,048|1,027    |2,024 |1,279,955 |2025-02-16 12:00:00.000 +0100|FT    |24,601          |22,010          |
|20,260,416,223,629,048|1,027    |2,024 |1,279,956 |2025-02-16 12:00:00.000 +0100|FT    |21,995          |6,533           |
|20,260,416,223,629,048|1,027    |2,024 |1,279,968 |2025-03-01 12:00:00.000 +0100|FT    |7,424           |17,261          |
|20,260,416,223,629,048|1,027    |2,024 |1,279,965 |2025-03-02 12:00:00.000 +0100|FT    |24,601          |3,570           |
|20,260,416,223,629,048|1,027    |2,024 |1,279,966 |2025-03-02 12:00:00.000 +0100|FT    |24,600          |11,087          |
|20,260,416,223,629,048|1,027    |2,024 |1,279,967 |2025-03-02 12:00:00.000 +0100|FT    |6,531           |7,425           |
|20,260,416,223,629,048|1,027    |2,024 |1,279,969 |2025-03-02 12:00:00.000 +0100|FT    |6,519           |24,602          |
|20,260,416,223,629,048|1,027    |2,024 |1,279,970 |2025-03-02 12:00:00.000 +0100|FT    |21,995          |22,445          |
|20,260,416,223,629,048|1,027    |2,024 |1,279,971 |2025-03-02 12:00:00.000 +0100|FT    |3,611           |22,010          |
|20,260,416,223,629,048|1,027    |2,024 |1,279,972 |2025-03-02 12:00:00.000 +0100|FT    |6,509           |6,533           |
|20,260,416,223,629,048|1,027    |2,024 |1,279,978 |2025-03-08 12:00:00.000 +0100|FT    |11,087          |21,995          |
|20,260,416,223,629,048|1,027    |2,024 |1,279,980 |2025-03-08 12:00:00.000 +0100|FT    |17,261          |6,509           |
|20,260,416,223,629,048|1,027    |2,024 |1,279,973 |2025-03-09 12:00:00.000 +0100|FT    |22,010          |6,519           |
|20,260,416,223,629,048|1,027    |2,024 |1,279,974 |2025-03-09 12:00:00.000 +0100|FT    |3,570           |6,531           |
|20,260,416,223,629,048|1,027    |2,024 |1,279,975 |2025-03-09 12:00:00.000 +0100|FT    |24,602          |24,600          |
|20,260,416,223,629,048|1,027    |2,024 |1,279,976 |2025-03-09 12:00:00.000 +0100|FT    |7,425           |3,611           |
|20,260,416,223,629,048|1,027    |2,024 |1,279,977 |2025-03-09 12:00:00.000 +0100|FT    |22,445          |7,424           |
|20,260,416,223,629,048|1,027    |2,024 |1,279,979 |2025-03-09 12:00:00.000 +0100|FT    |6,533           |24,601          |
|20,260,416,223,629,048|1,027    |2,024 |1,279,982 |2025-03-15 12:00:00.000 +0100|FT    |7,424           |11,087          |
|20,260,416,223,629,048|1,027    |2,024 |1,279,981 |2025-03-16 12:00:00.000 +0100|FT    |3,611           |3,570           |
|20,260,416,223,629,048|1,027    |2,024 |1,279,983 |2025-03-16 12:00:00.000 +0100|FT    |22,010          |7,425           |
|20,260,416,223,629,048|1,027    |2,024 |1,279,984 |2025-03-16 12:00:00.000 +0100|FT    |6,519           |24,600          |
|20,260,416,223,629,048|1,027    |2,024 |1,279,985 |2025-03-16 12:00:00.000 +0100|FT    |24,601          |17,261          |
|20,260,416,223,629,048|1,027    |2,024 |1,279,986 |2025-03-16 12:00:00.000 +0100|FT    |21,995          |24,602          |
|20,260,416,223,629,048|1,027    |2,024 |1,279,987 |2025-03-16 12:00:00.000 +0100|FT    |6,509           |22,445          |
|20,260,416,223,629,048|1,027    |2,024 |1,279,988 |2025-03-16 12:00:00.000 +0100|FT    |6,531           |6,533           |
|20,260,416,223,629,048|1,027    |2,024 |1,279,989 |2025-03-22 12:00:00.000 +0100|FT    |7,425           |6,519           |
|20,260,416,223,629,048|1,027    |2,024 |1,279,990 |2025-03-22 12:00:00.000 +0100|FT    |17,261          |6,531           |
|20,260,416,223,629,048|1,027    |2,024 |1,279,991 |2025-03-22 12:00:00.000 +0100|FT    |6,533           |3,611           |
|20,260,416,223,629,048|1,027    |2,024 |1,279,992 |2025-03-22 12:00:00.000 +0100|FT    |24,602          |7,424           |
|20,260,416,223,629,048|1,027    |2,024 |1,279,993 |2025-03-22 12:00:00.000 +0100|FT    |24,600          |21,995          |
|20,260,416,223,629,048|1,027    |2,024 |1,279,994 |2025-03-22 12:00:00.000 +0100|FT    |22,445          |24,601          |
|20,260,416,223,629,048|1,027    |2,024 |1,279,995 |2025-03-22 12:00:00.000 +0100|FT    |3,570           |22,010          |
|20,260,416,223,629,048|1,027    |2,024 |1,279,996 |2025-03-22 12:00:00.000 +0100|FT    |11,087          |6,509           |
|20,260,416,223,629,048|1,027    |2,024 |1,279,997 |2025-03-26 12:00:00.000 +0100|FT    |7,425           |3,570           |
|20,260,416,223,629,048|1,027    |2,024 |1,279,998 |2025-03-26 12:00:00.000 +0100|FT    |24,601          |11,087          |
|20,260,416,223,629,048|1,027    |2,024 |1,279,999 |2025-03-26 12:00:00.000 +0100|FT    |7,424           |24,600          |
|20,260,416,223,629,048|1,027    |2,024 |1,280,000 |2025-03-26 12:00:00.000 +0100|FT    |6,519           |21,995          |
|20,260,416,223,629,048|1,027    |2,024 |1,280,001 |2025-03-26 12:00:00.000 +0100|FT    |3,611           |17,261          |
|20,260,416,223,629,048|1,027    |2,024 |1,280,002 |2025-03-26 12:00:00.000 +0100|FT    |6,509           |24,602          |
|20,260,416,223,629,048|1,027    |2,024 |1,280,003 |2025-03-26 12:00:00.000 +0100|FT    |6,531           |22,445          |
|20,260,416,223,629,048|1,027    |2,024 |1,280,004 |2025-03-26 12:00:00.000 +0100|FT    |22,010          |6,533           |
|20,260,416,223,629,048|1,027    |2,024 |1,279,957 |2025-04-02 13:00:00.000 +0200|FT    |3,611           |6,519           |
|20,260,416,223,629,048|1,027    |2,024 |1,279,958 |2025-04-02 13:00:00.000 +0200|FT    |22,010          |6,531           |
|20,260,416,223,629,048|1,027    |2,024 |1,279,959 |2025-04-02 13:00:00.000 +0200|FT    |22,445          |24,600          |
|20,260,416,223,629,048|1,027    |2,024 |1,279,960 |2025-04-02 13:00:00.000 +0200|FT    |6,533           |7,424           |
|20,260,416,223,629,048|1,027    |2,024 |1,279,961 |2025-04-02 13:00:00.000 +0200|FT    |17,261          |21,995          |
|20,260,416,223,629,048|1,027    |2,024 |1,279,962 |2025-04-02 13:00:00.000 +0200|FT    |11,087          |24,602          |
|20,260,416,223,629,048|1,027    |2,024 |1,279,963 |2025-04-02 13:00:00.000 +0200|FT    |7,425           |24,601          |
|20,260,416,223,629,048|1,027    |2,024 |1,279,964 |2025-04-02 13:00:00.000 +0200|FT    |3,570           |6,509           |
|20,260,416,223,629,048|1,027    |2,024 |1,280,005 |2025-04-06 14:00:00.000 +0200|FT    |3,570           |6,519           |
|20,260,416,223,629,048|1,027    |2,024 |1,280,006 |2025-04-06 14:00:00.000 +0200|FT    |6,533           |7,425           |
|20,260,416,223,629,048|1,027    |2,024 |1,280,007 |2025-04-06 14:00:00.000 +0200|FT    |11,087          |6,531           |
|20,260,416,223,629,048|1,027    |2,024 |1,280,008 |2025-04-06 14:00:00.000 +0200|FT    |22,445          |3,611           |
|20,260,416,223,629,048|1,027    |2,024 |1,280,009 |2025-04-06 14:00:00.000 +0200|FT    |21,995          |7,424           |
|20,260,416,223,629,048|1,027    |2,024 |1,280,010 |2025-04-06 14:00:00.000 +0200|FT    |24,602          |24,601          |
|20,260,416,223,629,048|1,027    |2,024 |1,280,011 |2025-04-06 14:00:00.000 +0200|FT    |17,261          |22,010          |
|20,260,416,223,629,048|1,027    |2,024 |1,280,012 |2025-04-06 14:00:00.000 +0200|FT    |24,600          |6,509           |
|20,260,416,223,629,048|1,027    |2,024 |1,280,013 |2025-04-13 14:00:00.000 +0200|FT    |3,611           |11,087          |
|20,260,416,223,629,048|1,027    |2,024 |1,280,014 |2025-04-13 14:00:00.000 +0200|FT    |24,601          |24,600          |
|20,260,416,223,629,048|1,027    |2,024 |1,280,015 |2025-04-13 14:00:00.000 +0200|FT    |6,519           |7,424           |
|20,260,416,223,629,048|1,027    |2,024 |1,280,016 |2025-04-13 14:00:00.000 +0200|FT    |6,509           |21,995          |
|20,260,416,223,629,048|1,027    |2,024 |1,280,017 |2025-04-13 14:00:00.000 +0200|FT    |7,425           |17,261          |
|20,260,416,223,629,048|1,027    |2,024 |1,280,018 |2025-04-13 14:00:00.000 +0200|FT    |6,531           |24,602          |
|20,260,416,223,629,048|1,027    |2,024 |1,280,019 |2025-04-13 14:00:00.000 +0200|FT    |22,010          |22,445          |
|20,260,416,223,629,048|1,027    |2,024 |1,280,020 |2025-04-13 14:00:00.000 +0200|FT    |3,570           |6,533           |
|20,260,416,223,629,048|1,027    |2,024 |1,280,021 |2025-04-20 14:00:00.000 +0200|FT    |17,261          |3,570           |
|20,260,416,223,629,048|1,027    |2,024 |1,280,022 |2025-04-20 14:00:00.000 +0200|FT    |22,445          |7,425           |
|20,260,416,223,629,048|1,027    |2,024 |1,280,023 |2025-04-20 14:00:00.000 +0200|FT    |24,600          |6,531           |
|20,260,416,223,629,048|1,027    |2,024 |1,280,024 |2025-04-20 14:00:00.000 +0200|FT    |24,602          |3,611           |
|20,260,416,223,629,048|1,027    |2,024 |1,280,025 |2025-04-20 14:00:00.000 +0200|FT    |21,995          |24,601          |
|20,260,416,223,629,048|1,027    |2,024 |1,280,026 |2025-04-20 14:00:00.000 +0200|FT    |11,087          |22,010          |
|20,260,416,223,629,048|1,027    |2,024 |1,280,027 |2025-04-20 14:00:00.000 +0200|FT    |6,519           |6,533           |
|20,260,416,223,629,048|1,027    |2,024 |1,280,028 |2025-04-20 14:00:00.000 +0200|FT    |7,424           |6,509           |
|20,260,416,223,629,048|1,027    |2,024 |1,280,029 |2025-04-26 14:00:00.000 +0200|FT    |6,509           |6,519           |
|20,260,416,223,629,048|1,027    |2,024 |1,280,030 |2025-04-26 14:00:00.000 +0200|FT    |7,425           |11,087          |
|20,260,416,223,629,048|1,027    |2,024 |1,280,031 |2025-04-26 14:00:00.000 +0200|FT    |3,611           |24,600          |
|20,260,416,223,629,048|1,027    |2,024 |1,280,032 |2025-04-26 14:00:00.000 +0200|FT    |24,601          |7,424           |
|20,260,416,223,629,048|1,027    |2,024 |1,280,033 |2025-04-26 14:00:00.000 +0200|FT    |6,531           |21,995          |
|20,260,416,223,629,048|1,027    |2,024 |1,280,034 |2025-04-26 14:00:00.000 +0200|FT    |6,533           |17,261          |
|20,260,416,223,629,048|1,027    |2,024 |1,280,035 |2025-04-26 14:00:00.000 +0200|FT    |22,010          |24,602          |
|20,260,416,223,629,048|1,027    |2,024 |1,280,036 |2025-04-26 14:00:00.000 +0200|FT    |3,570           |22,445          |
|20,260,416,223,727,489|90       |2,024 |1,283,605 |2024-09-03 20:00:00.000 +0200|AET   |1,234           |1,250           |
|20,260,416,223,727,489|90       |2,024 |1,283,606 |2024-09-03 20:00:00.000 +0200|FT    |1,282           |1,258           |
|20,260,416,223,727,489|90       |2,024 |1,283,607 |2024-09-03 20:00:00.000 +0200|FT    |1,242           |1,251           |
|20,260,416,223,727,489|90       |2,024 |1,283,608 |2024-09-03 20:00:00.000 +0200|FT    |1,255           |1,253           |
|20,260,416,223,727,489|90       |2,024 |1,283,609 |2024-09-03 20:00:00.000 +0200|FT    |3,930           |3,899           |
|20,260,416,223,727,489|90       |2,024 |1,283,610 |2024-09-03 20:00:00.000 +0200|FT    |6,269           |3,904           |
|20,260,416,223,727,489|90       |2,024 |1,283,611 |2024-09-03 20:00:00.000 +0200|FT    |1,290           |17,129          |
|20,260,416,223,727,489|90       |2,024 |1,283,612 |2024-09-03 20:00:00.000 +0200|FT    |24,634          |1,256           |
|20,260,416,223,727,489|90       |2,024 |1,283,613 |2024-09-03 20:00:00.000 +0200|FT    |1,244           |1,241           |
|20,260,416,223,727,489|90       |2,024 |1,283,614 |2024-09-03 20:00:00.000 +0200|AET   |24,628          |3,919           |
|20,260,416,223,727,489|90       |2,024 |1,283,615 |2024-09-03 20:00:00.000 +0200|FT    |3,905           |1,280           |
|20,260,416,223,727,489|90       |2,024 |1,283,616 |2024-09-03 20:00:00.000 +0200|FT    |14,508          |1,273           |
|20,260,416,223,727,489|90       |2,024 |1,283,617 |2024-09-03 20:00:00.000 +0200|FT    |3,892           |1,264           |
|20,260,416,223,727,489|90       |2,024 |1,283,618 |2024-09-03 20:00:00.000 +0200|FT    |1,288           |24,629          |
|20,260,416,223,727,489|90       |2,024 |1,283,619 |2024-09-03 20:00:00.000 +0200|AET   |24,627          |1,235           |
|20,260,416,223,727,489|90       |2,024 |1,283,620 |2024-09-03 20:00:00.000 +0200|AET   |21,423          |1,257           |
|20,260,416,223,727,489|90       |2,024 |1,283,621 |2024-09-03 20:00:00.000 +0200|AET   |1,276           |1,262           |
|20,260,416,223,727,489|90       |2,024 |1,283,632 |2024-09-03 20:00:00.000 +0200|AET   |23,712          |24,632          |
|20,260,416,223,727,489|90       |2,024 |1,283,622 |2024-09-03 20:30:00.000 +0200|FT    |1,274           |24,633          |
|20,260,416,223,727,489|90       |2,024 |1,283,623 |2024-09-04 20:00:00.000 +0200|AET   |3,929           |24,630          |
|20,260,416,223,727,489|90       |2,024 |1,283,624 |2024-09-04 20:00:00.000 +0200|FT    |6,260           |1,266           |
|20,260,416,223,727,489|90       |2,024 |1,283,625 |2024-09-04 20:00:00.000 +0200|FT    |3,890           |21,422          |
|20,260,416,223,727,489|90       |2,024 |1,283,626 |2024-09-04 20:00:00.000 +0200|FT    |14,234          |3,938           |
|20,260,416,223,727,489|90       |2,024 |1,283,627 |2024-09-04 20:00:00.000 +0200|PEN   |1,286           |21,645          |
|20,260,416,223,727,489|90       |2,024 |1,283,628 |2024-09-04 20:00:00.000 +0200|FT    |19,739          |1,247           |
|20,260,416,223,727,489|90       |2,024 |1,283,629 |2024-09-04 20:00:00.000 +0200|FT    |1,254           |24,635          |
|20,260,416,223,727,489|90       |2,024 |1,283,630 |2024-09-04 20:00:00.000 +0200|AET   |1,270           |1,281           |
|20,260,416,223,727,489|90       |2,024 |1,283,631 |2024-09-04 20:00:00.000 +0200|FT    |1,230           |6,263           |
|20,260,416,223,727,489|90       |2,024 |1,283,633 |2024-09-04 20:00:00.000 +0200|FT    |3,894           |1,284           |
|20,260,416,223,727,489|90       |2,024 |1,283,634 |2024-09-04 20:00:00.000 +0200|FT    |3,886           |24,626          |
|20,260,416,223,727,489|90       |2,024 |1,283,635 |2024-09-04 20:00:00.000 +0200|FT    |24,636          |21,635          |
|20,260,416,223,727,489|90       |2,024 |1,283,636 |2024-09-04 20:00:00.000 +0200|FT    |24,631          |1,263           |
|20,260,416,223,727,489|90       |2,024 |1,301,559 |2024-09-24 20:00:00.000 +0200|AET   |1,238           |1,263           |
|20,260,416,223,727,489|90       |2,024 |1,301,562 |2024-09-24 20:00:00.000 +0200|AET   |1,274           |1,282           |
|20,260,416,223,727,489|90       |2,024 |1,301,563 |2024-09-24 20:00:00.000 +0200|FT    |1,248           |3,904           |
|20,260,416,223,727,489|90       |2,024 |1,301,564 |2024-09-24 20:00:00.000 +0200|AET   |1,241           |3,919           |
|20,260,416,223,727,489|90       |2,024 |1,301,567 |2024-09-24 20:00:00.000 +0200|FT    |3,894           |1,270           |
|20,260,416,223,727,489|90       |2,024 |1,301,568 |2024-09-24 20:00:00.000 +0200|AET   |1,264           |17,129          |
|20,260,416,223,727,489|90       |2,024 |1,301,570 |2024-09-24 20:00:00.000 +0200|FT    |3,911           |1,280           |
|20,260,416,223,727,489|90       |2,024 |1,301,572 |2024-09-24 20:00:00.000 +0200|FT    |21,422          |1,234           |
|20,260,416,223,727,489|90       |2,024 |1,301,573 |2024-09-24 20:00:00.000 +0200|FT    |1,254           |1,278           |
|20,260,416,223,727,489|90       |2,024 |1,301,574 |2024-09-24 20:00:00.000 +0200|FT    |1,251           |3,899           |
|20,260,416,223,727,489|90       |2,024 |1,301,575 |2024-09-24 20:00:00.000 +0200|FT    |1,273           |3,886           |
|20,260,416,223,727,489|90       |2,024 |1,301,577 |2024-09-24 20:00:00.000 +0200|FT    |1,247           |1,276           |
|20,260,416,223,727,489|90       |2,024 |1,301,558 |2024-09-25 20:00:00.000 +0200|FT    |3,929           |1,257           |
|20,260,416,223,727,489|90       |2,024 |1,301,560 |2024-09-25 20:00:00.000 +0200|FT    |24,634          |1,246           |
|20,260,416,223,727,489|90       |2,024 |1,301,561 |2024-09-25 20:00:00.000 +0200|FT    |1,271           |1,255           |
|20,260,416,223,727,489|90       |2,024 |1,301,565 |2024-09-25 20:00:00.000 +0200|FT    |1,266           |24,632          |
|20,260,416,223,727,489|90       |2,024 |1,301,566 |2024-09-25 20:00:00.000 +0200|FT    |3,938           |1,235           |
|20,260,416,223,727,489|90       |2,024 |1,301,569 |2024-09-25 20:00:00.000 +0200|FT    |1,230           |24,636          |
|20,260,416,223,727,489|90       |2,024 |1,301,571 |2024-09-25 20:00:00.000 +0200|FT    |1,252           |1,261           |
|20,260,416,223,727,489|90       |2,024 |1,301,576 |2024-09-25 20:00:00.000 +0200|FT    |21,645          |1,288           |
|20,260,416,223,727,489|90       |2,024 |1,309,739 |2024-10-29 18:45:00.000 +0100|AET   |413             |193             |
|20,260,416,223,727,489|90       |2,024 |1,309,736 |2024-10-29 21:00:00.000 +0100|FT    |1,288           |422             |
|20,260,416,223,727,489|90       |2,024 |1,309,740 |2024-10-29 21:00:00.000 +0100|FT    |1,280           |210             |
|20,260,416,223,727,489|90       |2,024 |1,309,742 |2024-10-29 21:00:00.000 +0100|FT    |1,274           |1,270           |
|20,260,416,223,727,489|90       |2,024 |1,309,743 |2024-10-29 21:00:00.000 +0100|FT    |199             |423             |
|20,260,416,223,727,489|90       |2,024 |1,309,744 |2024-10-29 21:00:00.000 +0100|FT    |1,247           |409             |
|20,260,416,223,727,489|90       |2,024 |1,309,746 |2024-10-29 21:00:00.000 +0100|FT    |196             |204             |
|20,260,416,223,727,489|90       |2,024 |1,309,748 |2024-10-29 21:00:00.000 +0100|FT    |1,277           |205             |
|20,260,416,223,727,489|90       |2,024 |1,309,754 |2024-10-29 21:00:00.000 +0100|FT    |24,632          |202             |
|20,260,416,223,727,489|90       |2,024 |1,309,757 |2024-10-29 21:00:00.000 +0100|FT    |198             |420             |
|20,260,416,223,727,489|90       |2,024 |1,309,753 |2024-10-30 17:30:00.000 +0100|FT    |1,271           |203             |
|20,260,416,223,727,489|90       |2,024 |1,309,732 |2024-10-30 21:00:00.000 +0100|FT    |24,636          |206             |
|20,260,416,223,727,489|90       |2,024 |1,309,734 |2024-10-30 21:00:00.000 +0100|FT    |1,248           |414             |
|20,260,416,223,727,489|90       |2,024 |1,309,735 |2024-10-30 21:00:00.000 +0100|FT    |1,272           |419             |
|20,260,416,223,727,489|90       |2,024 |1,309,737 |2024-10-30 21:00:00.000 +0100|FT    |412             |421             |
|20,260,416,223,727,489|90       |2,024 |1,309,750 |2024-10-30 21:00:00.000 +0100|FT    |1,235           |1,241           |
|20,260,416,223,727,489|90       |2,024 |1,309,752 |2024-10-30 21:00:00.000 +0100|AET   |1,273           |195             |
|20,260,416,223,727,489|90       |2,024 |1,309,755 |2024-10-30 21:00:00.000 +0100|FT    |417             |200             |
|20,260,416,223,727,489|90       |2,024 |1,309,756 |2024-10-30 21:00:00.000 +0100|AET   |1,252           |1,263           |
|20,260,416,223,727,489|90       |2,024 |1,309,738 |2024-10-31 18:45:00.000 +0100|AET   |1,264           |426             |
|20,260,416,223,727,489|90       |2,024 |1,309,733 |2024-10-31 20:00:00.000 +0100|FT    |427             |424             |
|20,260,416,223,727,489|90       |2,024 |1,309,741 |2024-10-31 20:00:00.000 +0100|FT    |3,899           |1,254           |
|20,260,416,223,727,489|90       |2,024 |1,309,745 |2024-10-31 20:00:00.000 +0100|FT    |1,234           |416             |
|20,260,416,223,727,489|90       |2,024 |1,309,747 |2024-10-31 20:00:00.000 +0100|AET   |1,249           |1,237           |
|20,260,416,223,727,489|90       |2,024 |1,309,751 |2024-10-31 20:00:00.000 +0100|FT    |1,246           |208             |
|20,260,416,223,727,489|90       |2,024 |1,309,749 |2024-10-31 21:00:00.000 +0100|FT    |1,257           |207             |
|20,260,416,223,727,489|90       |2,024 |1,314,670 |2024-12-17 18:45:00.000 +0100|FT    |197             |1,246           |
|20,260,416,223,727,489|90       |2,024 |1,314,663 |2024-12-17 20:00:00.000 +0100|FT    |422             |196             |
|20,260,416,223,727,489|90       |2,024 |1,314,665 |2024-12-17 20:00:00.000 +0100|FT    |417             |420             |
|20,260,416,223,727,489|90       |2,024 |1,314,667 |2024-12-17 20:00:00.000 +0100|FT    |1,272           |205             |
|20,260,416,223,727,489|90       |2,024 |1,314,672 |2024-12-17 21:00:00.000 +0100|FT    |412             |209             |
|20,260,416,223,727,489|90       |2,024 |1,314,660 |2024-12-18 18:45:00.000 +0100|FT    |1,237           |415             |
|20,260,416,223,727,489|90       |2,024 |1,314,662 |2024-12-18 20:00:00.000 +0100|FT    |1,254           |210             |
|20,260,416,223,727,489|90       |2,024 |1,314,668 |2024-12-18 20:00:00.000 +0100|AET   |206             |413             |
|20,260,416,223,727,489|90       |2,024 |1,314,671 |2024-12-18 20:00:00.000 +0100|PEN   |426             |410             |
|20,260,416,223,727,489|90       |2,024 |1,314,673 |2024-12-18 20:00:00.000 +0100|FT    |1,252           |207             |
|20,260,416,223,727,489|90       |2,024 |1,314,674 |2024-12-18 21:00:00.000 +0100|FT    |201             |202             |
|20,260,416,223,727,489|90       |2,024 |1,314,659 |2024-12-19 18:45:00.000 +0100|FT    |1,247           |195             |
|20,260,416,223,727,489|90       |2,024 |1,314,664 |2024-12-19 20:00:00.000 +0100|FT    |1,235           |1,271           |
|20,260,416,223,727,489|90       |2,024 |1,314,666 |2024-12-19 20:00:00.000 +0100|FT    |199             |1,274           |
|20,260,416,223,727,489|90       |2,024 |1,314,669 |2024-12-19 20:00:00.000 +0100|FT    |1,248           |416             |
|20,260,416,223,727,489|90       |2,024 |1,314,661 |2024-12-19 21:00:00.000 +0100|FT    |194             |427             |
|20,260,416,223,727,489|90       |2,024 |1,327,590 |2025-01-14 18:45:00.000 +0100|FT    |201             |194             |
|20,260,416,223,727,489|90       |2,024 |1,327,587 |2025-01-14 20:00:00.000 +0100|AET   |1,247           |1,271           |
|20,260,416,223,727,489|90       |2,024 |1,327,591 |2025-01-14 21:00:00.000 +0100|AET   |197             |196             |
|20,260,416,223,727,489|90       |2,024 |1,327,588 |2025-01-15 18:45:00.000 +0100|FT    |410             |415             |
|20,260,416,223,727,489|90       |2,024 |1,327,592 |2025-01-15 20:00:00.000 +0100|FT    |417             |207             |
|20,260,416,223,727,489|90       |2,024 |1,327,589 |2025-01-15 21:00:00.000 +0100|FT    |1,248           |209             |
|20,260,416,223,727,489|90       |2,024 |1,327,593 |2025-01-16 18:45:00.000 +0100|FT    |199             |206             |
|20,260,416,223,727,489|90       |2,024 |1,327,586 |2025-01-16 21:00:00.000 +0100|AET   |1,272           |210             |
|20,260,416,223,727,489|90       |2,024 |1,338,275 |2025-02-04 20:00:00.000 +0100|FT    |206             |207             |
|20,260,416,223,727,489|90       |2,024 |1,338,276 |2025-02-05 18:45:00.000 +0100|FT    |197             |209             |
|20,260,416,223,727,489|90       |2,024 |1,338,278 |2025-02-05 21:00:00.000 +0100|FT    |410             |1,247           |
|20,260,416,223,727,489|90       |2,024 |1,338,277 |2025-02-06 20:00:00.000 +0100|FT    |201             |1,272           |
|20,260,416,223,727,489|90       |2,024 |1,349,128 |2025-02-26 20:00:00.000 +0100|FT    |197             |410             |
|20,260,416,223,727,489|90       |2,024 |1,349,129 |2025-02-27 20:00:00.000 +0100|PEN   |206             |201             |
|20,260,416,223,727,489|90       |2,024 |1,355,654 |2025-04-21 18:00:00.000 +0200|PEN   |201             |410             |
