|external_team_id|in_stg_provider_teams|in_team_provider_map|
|----------------|---------------------|--------------------|
|1002            |0                    |0                   |
|1011            |0                    |0                   |
|1017            |0                    |0                   |
|1027            |0                    |0                   |
|1028            |0                    |0                   |
|1029            |0                    |0                   |
|1035            |0                    |0                   |
|1036            |0                    |0                   |
|1037            |0                    |0                   |
|1042            |0                    |0                   |
|1047            |0                    |0                   |
|1050            |0                    |0                   |
|1053            |0                    |0                   |
|1054            |0                    |0                   |
|1058            |0                    |0                   |
|106             |0                    |0                   |
|111             |0                    |0                   |
|114             |0                    |0                   |
|115             |0                    |0                   |
|1158            |0                    |0                   |
|1160            |0                    |0                   |
|1166            |0                    |0                   |
|1167            |0                    |0                   |
|1255            |0                    |0                   |
|149             |0                    |0                   |
|15              |0                    |0                   |
|1544            |0                    |0                   |
|1555            |0                    |0                   |
|161             |0                    |0                   |
|163             |0                    |0                   |
|1639            |0                    |0                   |
|1659            |0                    |0                   |
|168             |0                    |0                   |
|1709            |0                    |0                   |
|175             |0                    |0                   |
|1770            |0                    |0                   |
|1776            |0                    |0                   |
|1783            |0                    |0                   |
|1784            |0                    |0                   |
|18              |0                    |0                   |
|180             |0                    |0                   |
|182             |0                    |0                   |
|1828            |0                    |0                   |
|183             |0                    |0                   |
|1834            |0                    |0                   |
|1843            |0                    |0                   |
|1856            |0                    |0                   |
|186             |0                    |0                   |
|187             |0                    |0                   |
|1870            |0                    |0                   |
|19              |0                    |0                   |
|1900            |0                    |0                   |
|1905            |0                    |0                   |
|194             |0                    |0                   |
|198             |0                    |0                   |
|199             |0                    |0                   |
|202             |0                    |0                   |
|203             |0                    |0                   |
|2067            |0                    |0                   |
|2068            |0                    |0                   |
|2077            |0                    |0                   |
|2092            |0                    |0                   |
|2165            |0                    |0                   |
|2182            |0                    |0                   |
|2270            |0                    |0                   |
|228             |0                    |0                   |
|232             |0                    |0                   |
|2377            |0                    |0                   |
|238             |0                    |0                   |
|2384            |0                    |0                   |
|2389            |0                    |0                   |
|241             |0                    |0                   |
|242             |0                    |0                   |
|243             |0                    |0                   |
|250             |0                    |0                   |
|253             |0                    |0                   |
|255             |0                    |0                   |
|2571            |0                    |0                   |
|258             |0                    |0                   |
|261             |0                    |0                   |
|2611            |0                    |0                   |
|2612            |0                    |0                   |
|2613            |0                    |0                   |
|2614            |0                    |0                   |
|2616            |0                    |0                   |
|2619            |0                    |0                   |
|2620            |0                    |0                   |
|2627            |0                    |0                   |
|2628            |0                    |0                   |
|2629            |0                    |0                   |
|2631            |0                    |0                   |
|2632            |0                    |0                   |
|2634            |0                    |0                   |
|2640            |0                    |0                   |
|2642            |0                    |0                   |
|2659            |0                    |0                   |
|2663            |0                    |0                   |
|2676            |0                    |0                   |
|2677            |0                    |0                   |
|2678            |0                    |0                   |
|2681            |0                    |0                   |
|2682            |0                    |0                   |
|269             |0                    |0                   |
|281             |0                    |0                   |
|284             |0                    |0                   |
|2842            |0                    |0                   |
|286             |0                    |0                   |
|2877            |0                    |0                   |
|292             |0                    |0                   |
|2928            |0                    |0                   |
|296             |0                    |0                   |
|2967            |0                    |0                   |
|2969            |0                    |0                   |
|2970            |0                    |0                   |
|2971            |0                    |0                   |
|2979            |0                    |0                   |
|298             |0                    |0                   |
|2986            |0                    |0                   |
|299             |0                    |0                   |
|300             |0                    |0                   |
|303             |0                    |0                   |
|304             |0                    |0                   |
|3042            |0                    |0                   |
|3043            |0                    |0                   |
|3044            |0                    |0                   |
|305             |0                    |0                   |
|3069            |0                    |0                   |
|307             |0                    |0                   |
|308             |0                    |0                   |
|309             |0                    |0                   |
|310             |0                    |0                   |
|312             |0                    |0                   |
|313             |0                    |0                   |
|317             |0                    |0                   |
|318             |0                    |0                   |
|3219            |0                    |0                   |
|323             |0                    |0                   |
|325             |0                    |0                   |
|326             |0                    |0                   |
|3269            |0                    |0                   |
|327             |0                    |0                   |
|3271            |0                    |0                   |
|3273            |0                    |0                   |
|3274            |0                    |0                   |
|3275            |0                    |0                   |
|3279            |0                    |0                   |
|3280            |0                    |0                   |
|3281            |0                    |0                   |
|3283            |0                    |0                   |
|3285            |0                    |0                   |
|3287            |0                    |0                   |
|3301            |0                    |0                   |
|3302            |0                    |0                   |
|3303            |0                    |0                   |
|3312            |0                    |0                   |
|3315            |0                    |0                   |
|3323            |0                    |0                   |
|3327            |0                    |0                   |
|333             |0                    |0                   |
|334             |0                    |0                   |
|3348            |0                    |0                   |
|335             |0                    |0                   |
|336             |0                    |0                   |
|3367            |0                    |0                   |
|3381            |0                    |0                   |
|340             |0                    |0                   |
|3411            |0                    |0                   |
|3414            |0                    |0                   |
|3420            |0                    |0                   |
|3422            |0                    |0                   |
|3423            |0                    |0                   |
|343             |0                    |0                   |
|347             |0                    |0                   |
|3477            |0                    |0                   |
|3486            |0                    |0                   |
|3563            |0                    |0                   |
|357             |0                    |0                   |
|3612            |0                    |0                   |
|365             |0                    |0                   |
|366             |0                    |0                   |
|367             |0                    |0                   |
|368             |0                    |0                   |
|369             |0                    |0                   |
|3842            |0                    |0                   |
|387             |0                    |0                   |
|390             |0                    |0                   |
|3903            |0                    |0                   |
|391             |0                    |0                   |
|3919            |0                    |0                   |
|3959            |0                    |0                   |
|407             |0                    |0                   |
|408             |0                    |0                   |
|409             |0                    |0                   |
|4094            |0                    |0                   |
|410             |0                    |0                   |
|411             |0                    |0                   |
|413             |0                    |0                   |
|415             |0                    |0                   |
|416             |0                    |0                   |
|4184            |0                    |0                   |
|4186            |0                    |0                   |
|420             |0                    |0                   |
|4213            |0                    |0                   |
|422             |0                    |0                   |
|4225            |0                    |0                   |
|424             |0                    |0                   |
|425             |0                    |0                   |
|4277            |0                    |0                   |
|4278            |0                    |0                   |
|428             |0                    |0                   |
|429             |0                    |0                   |
|432             |0                    |0                   |
|434             |0                    |0                   |
|438             |0                    |0                   |
|440             |0                    |0                   |
|441             |0                    |0                   |
|4411            |0                    |0                   |
|442             |0                    |0                   |
|4420            |0                    |0                   |
|4426            |0                    |0                   |
|4429            |0                    |0                   |
|444             |0                    |0                   |
|447             |0                    |0                   |
|4473            |0                    |0                   |
|4476            |0                    |0                   |
|4496            |0                    |0                   |
|4498            |0                    |0                   |
|4500            |0                    |0                   |
|4501            |0                    |0                   |
|4502            |0                    |0                   |
|4503            |0                    |0                   |
|4504            |0                    |0                   |
|4505            |0                    |0                   |
|4506            |0                    |0                   |
|4507            |0                    |0                   |
|4513            |0                    |0                   |
|452             |0                    |0                   |
|4528            |0                    |0                   |
|4529            |0                    |0                   |
|4543            |0                    |0                   |
|4544            |0                    |0                   |
|4545            |0                    |0                   |
|4548            |0                    |0                   |
|4591            |0                    |0                   |
|4593            |0                    |0                   |
|461             |0                    |0                   |
|4619            |0                    |0                   |
|4628            |0                    |0                   |
|4630            |0                    |0                   |
|4658            |0                    |0                   |
|534             |0                    |0                   |
|541             |0                    |0                   |
|608             |0                    |0                   |
|609             |0                    |0                   |
|611             |0                    |0                   |
|62              |0                    |0                   |
|620             |0                    |0                   |
|621             |0                    |0                   |
|624             |0                    |0                   |
|627             |0                    |0                   |
|632             |0                    |0                   |
|634             |0                    |0                   |
|637             |0                    |0                   |
|640             |0                    |0                   |
|643             |0                    |0                   |
|647             |0                    |0                   |
|654             |0                    |0                   |
|655             |0                    |0                   |
|656             |0                    |0                   |
|663             |0                    |0                   |
|664             |0                    |0                   |
|666             |0                    |0                   |
|674             |0                    |0                   |
|675             |0                    |0                   |
|679             |0                    |0                   |
|681             |0                    |0                   |
|682             |0                    |0                   |
|686             |0                    |0                   |
|688             |0                    |0                   |
|689             |0                    |0                   |
|690             |0                    |0                   |
|695             |0                    |0                   |
|697             |0                    |0                   |
|738             |0                    |0                   |
|739             |0                    |0                   |
|75              |0                    |0                   |
|752             |0                    |0                   |
|768             |0                    |0                   |
|784             |0                    |0                   |
|787             |0                    |0                   |
|789             |0                    |0                   |
|790             |0                    |0                   |
|793             |0                    |0                   |
|798             |0                    |0                   |
|808             |0                    |0                   |
|812             |0                    |0                   |
|813             |0                    |0                   |
|825             |0                    |0                   |
|827             |0                    |0                   |
|834             |0                    |0                   |
|835             |0                    |0                   |
|836             |0                    |0                   |
|837             |0                    |0                   |
|839             |0                    |0                   |
|84              |0                    |0                   |
|842             |0                    |0                   |
|844             |0                    |0                   |
|848             |0                    |0                   |
|850             |0                    |0                   |
|858             |0                    |0                   |
|859             |0                    |0                   |
|86              |0                    |0                   |
|860             |0                    |0                   |
|862             |0                    |0                   |
|864             |0                    |0                   |
|88              |0                    |0                   |
|884             |0                    |0                   |
|885             |0                    |0                   |
|886             |0                    |0                   |
|895             |0                    |0                   |
|93              |0                    |0                   |
|932             |0                    |0                   |
|940             |0                    |0                   |
|959             |0                    |0                   |
|960             |0                    |0                   |
|965             |0                    |0                   |
|969             |0                    |0                   |
|970             |0                    |0                   |
|971             |0                    |0                   |
|984             |0                    |0                   |
|987             |0                    |0                   |
